0.282774 0.282774 0.293053 0 0
0.282774 0.282774 0.293053 0 1
0.282774 0.282774 0.293053 0 2
0.282774 0.282774 0.293053 0 3
0.282774 0.282774 0.293053 0 4
0.282774 0.282774 0.293053 0 5
0.282774 0.282774 0.293053 0 6
0.282774 0.282774 0.293053 0 7
0.282774 0.282774 0.293053 0 8
0.282774 0.282774 0.293053 0 9
0.282774 0.282774 0.293053 0 10
0.282774 0.282774 0.293053 0 11
0.282774 0.282774 0.293053 0 12
0.282774 0.282774 0.293053 0 13
0.282774 0.282774 0.293053 0 14
0.282774 0.282774 0.293053 0 15
0.282774 0.282774 0.293053 0 16
0.282774 0.282774 0.293053 0 17
0.282774 0.282774 0.293053 0 18
0.282774 0.282774 0.293053 0 19
0.282774 0.282774 0.293053 0 20
0.282774 0.282774 0.293053 0 21
0.282774 0.282774 0.293053 0 22
0.282774 0.282774 0.293053 0 23
0.282774 0.282774 0.293053 0 24
0.282774 0.282774 0.293053 0 25
0.282774 0.282774 0.293053 0 26
0.282774 0.282774 0.293053 0 27
0.282774 0.282774 0.293053 0 28
0.282774 0.282774 0.293053 0 29
0.282774 0.282774 0.293053 0 30
0.282774 0.282774 0.293053 0 31
0.282774 0.282774 0.293053 0 32
0.282774 0.282774 0.293053 0 33
0.282774 0.282774 0.293053 0 34
0.282774 0.282774 0.293053 0 35
0.282774 0.282774 0.293053 0 36
0.282774 0.282774 0.293053 0 37
0.282774 0.282774 0.293053 0 38
0.282774 0.282774 0.293053 0 39
0.282774 0.282774 0.293053 0 40
0.282774 0.282774 0.293053 0 41
0.282774 0.282774 0.293053 0 42
0.282774 0.282774 0.293053 0 43
0.282774 0.282774 0.293053 0 44
0.282774 0.282774 0.293053 0 45
0.282774 0.282774 0.293053 0 46
0.282774 0.282774 0.293053 0 47
0.282774 0.282774 0.293053 0 48
0.282774 0.282774 0.293053 0 49
0.282774 0.282774 0.293053 0 50
0.282774 0.282774 0.293053 0 51
0.282774 0.282774 0.293053 0 52
0.282774 0.282774 0.293053 0 53
0.282774 0.282774 0.293053 0 54
0.282774 0.282774 0.293053 0 55
0.282774 0.282774 0.293053 0 56
0.282774 0.282774 0.293053 0 57
0.282774 0.282774 0.293053 0 58
0.282774 0.282774 0.293053 0 59
0.282774 0.282774 0.293053 0 60
0.282774 0.282774 0.293053 0 61
0.282774 0.282774 0.293053 0 62
0.282774 0.282774 0.293053 0 63
0.282774 0.282774 0.293053 0 64
0.282774 0.282774 0.293053 0 65
0.282774 0.282774 0.293053 0 66
0.282774 0.282774 0.293053 0 67
0.282774 0.282774 0.293053 0 68
0.282774 0.282774 0.293053 0 69
0.282774 0.282774 0.293053 0 70
0.282774 0.282774 0.293053 0 71
0.282774 0.282774 0.293053 0 72
0.282774 0.282774 0.293053 0 73
0.282774 0.282774 0.293053 0 74
0.282774 0.282774 0.293053 0 75
0.282774 0.282774 0.293053 0 76
0.282774 0.282774 0.293053 0 77
0.282774 0.282774 0.293053 0 78
0.282774 0.282774 0.293053 0 79
0.282774 0.282774 0.293053 0 80
0.282774 0.282774 0.293053 0 81
0.282774 0.282774 0.293053 0 82
0.282774 0.282774 0.293053 0 83
0.282774 0.282774 0.293053 0 84
0.282774 0.282774 0.293053 0 85
0.282774 0.282774 0.293053 0 86
0.282774 0.282774 0.293053 0 87
0.282774 0.282774 0.293053 0 88
0.282774 0.282774 0.293053 0 89
0.282774 0.282774 0.293053 0 90
0.282774 0.282774 0.293053 0 91
0.282774 0.282774 0.293053 0 92
0.282774 0.282774 0.293053 0 93
0.282774 0.282774 0.293053 0 94
0.282774 0.282774 0.293053 0 95
0.282774 0.282774 0.293053 0 96
0.282774 0.282774 0.293053 0 97
0.282774 0.282774 0.293053 0 98
0.282774 0.282774 0.293053 0 99
0.282774 0.282774 0.293053 0 100
0.282774 0.282774 0.293053 0 101
0.282774 0.282774 0.293053 0 102
0.282774 0.282774 0.293053 0 103
0.282774 0.282774 0.293053 0 104
0.282774 0.282774 0.293053 0 105
0.282774 0.282774 0.293053 0 106
0.282774 0.282774 0.293053 0 107
0.282774 0.282774 0.293053 0 108
0.282774 0.282774 0.293053 0 109
0.282774 0.282774 0.293053 0 110
0.282774 0.282774 0.293053 0 111
0.282774 0.282774 0.293053 0 112
0.282774 0.282774 0.293053 0 113
0.282774 0.282774 0.293053 0 114
0.282774 0.282774 0.293053 0 115
0.282774 0.282774 0.293053 0 116
0.282774 0.282774 0.293053 0 117
0.282774 0.282774 0.293053 0 118
0.282774 0.282774 0.293053 0 119
0.282774 0.282774 0.293053 0 120
0.282774 0.282774 0.293053 0 121
0.282774 0.282774 0.293053 0 122
0.282774 0.282774 0.293053 0 123
0.282774 0.282774 0.293053 0 124
0.282774 0.282774 0.293053 0 125
0.282774 0.282774 0.293053 0 126
0.282774 0.282774 0.293053 0 127
0.282774 0.282774 0.293053 0 128
0.282774 0.282774 0.293053 0 129
0.282774 0.282774 0.293053 0 130
0.282774 0.282774 0.293053 0 131
0.282774 0.282774 0.293053 0 132
0.282774 0.282774 0.293053 0 133
0.282774 0.282774 0.293053 0 134
0.282774 0.282774 0.293053 0 135
0.282774 0.282774 0.293053 0 136
0.282774 0.282774 0.293053 0 137
0.282774 0.282774 0.293053 0 138
0.282774 0.282774 0.293053 0 139
0.282774 0.282774 0.293053 0 140
0.282774 0.282774 0.293053 0 141
0.282774 0.282774 0.293053 0 142
0.282774 0.282774 0.293053 0 143
0.282774 0.282774 0.293053 0 144
0.282774 0.282774 0.293053 0 145
0.282774 0.282774 0.293053 0 146
0.282774 0.282774 0.293053 0 147
0.282774 0.282774 0.293053 0 148
0.282774 0.282774 0.293053 0 149
0.282774 0.282774 0.293053 0 150
0.282774 0.282774 0.293053 0 151
0.282774 0.282774 0.293053 0 152
0.282774 0.282774 0.293053 0 153
0.282774 0.282774 0.293053 0 154
0.282774 0.282774 0.293053 0 155
0.282774 0.282774 0.293053 0 156
0.282774 0.282774 0.293053 0 157
0.282774 0.282774 0.293053 0 158
0.282774 0.282774 0.293053 0 159
0.282774 0.282774 0.293053 0 160
0.282774 0.282774 0.293053 0 161
0.282774 0.282774 0.293053 0 162
0.282774 0.282774 0.293053 0 163
0.282774 0.282774 0.293053 0 164
0.282774 0.282774 0.293053 0 165
0.282774 0.282774 0.293053 0 166
0.282774 0.282774 0.293053 0 167
0.282774 0.282774 0.293053 0 168
0.282774 0.282774 0.293053 0 169
0.282774 0.282774 0.293053 0 170
0.282774 0.282774 0.293053 0 171
0.282774 0.282774 0.293053 0 172
0.282774 0.282774 0.293053 0 173
0.282774 0.282774 0.293053 0 174
0.282774 0.282774 0.293053 0 175
0.282774 0.282774 0.293053 0 176
0.282774 0.282774 0.293053 0 177
0.282774 0.282774 0.293053 0 178
0.282774 0.282774 0.293053 0 179
0.282774 0.282774 0.293053 0 180
0.282774 0.282774 0.293053 0 181
0.282774 0.282774 0.293053 0 182
0.282774 0.282774 0.293053 0 183
0.282774 0.282774 0.293053 0 184
0.282774 0.282774 0.293053 0 185
0.282774 0.282774 0.293053 0 186
0.282774 0.282774 0.293053 0 187
0.282774 0.282774 0.293053 0 188
0.282774 0.282774 0.293053 0 189
0.282774 0.282774 0.293053 0 190
0.282774 0.282774 0.293053 0 191
0.282774 0.282774 0.293053 0 192
0.282774 0.282774 0.293053 0 193
0.282774 0.282774 0.293053 0 194
0.282774 0.282774 0.293053 0 195
0.282774 0.282774 0.293053 0 196
0.282774 0.282774 0.293053 0 197
0.282774 0.282774 0.293053 0 198
0.282774 0.282774 0.293053 0 199
0.282774 0.282774 0.293053 0 200
0.282774 0.282774 0.293053 0 201
0.282774 0.282774 0.293053 0 202
0.282774 0.282774 0.293053 0 203
0.282774 0.282774 0.293053 0 204
0.282774 0.282774 0.293053 0 205
0.282774 0.282774 0.293053 0 206
0.282774 0.282774 0.293053 0 207
0.282774 0.282774 0.293053 0 208
0.282774 0.282774 0.293053 0 209
0.282774 0.282774 0.293053 0 210
0.282774 0.282774 0.293053 0 211
0.282774 0.282774 0.293053 0 212
0.282774 0.282774 0.293053 0 213
0.282774 0.282774 0.293053 0 214
0.282774 0.282774 0.293053 0 215
0.282774 0.282774 0.293053 0 216
0.282774 0.282774 0.293053 0 217
0.282774 0.282774 0.293053 0 218
0.282774 0.282774 0.293053 0 219
0.282774 0.282774 0.293053 0 220
0.282774 0.282774 0.293053 0 221
0.282774 0.282774 0.293053 0 222
0.282774 0.282774 0.293053 0 223
0.282774 0.282774 0.293053 0 224
0.282774 0.282774 0.293053 0 225
0.282774 0.282774 0.293053 0 226
0.282774 0.282774 0.293053 0 227
0.282774 0.282774 0.293053 0 228
0.282774 0.282774 0.293053 0 229
0.282774 0.282774 0.293053 0 230
0.282774 0.282774 0.293053 0 231
0.282774 0.282774 0.293053 0 232
0.282774 0.282774 0.293053 0 233
0.282774 0.282774 0.293053 0 234
0.282774 0.282774 0.293053 0 235
0.282774 0.282774 0.293053 0 236
0.282774 0.282774 0.293053 0 237
0.282774 0.282774 0.293053 0 238
0.282774 0.282774 0.293053 0 239
0.282774 0.282774 0.293053 0 240
0.282774 0.282774 0.293053 0 241
0.282774 0.282774 0.293053 0 242
0.282774 0.282774 0.293053 0 243
0.282774 0.282774 0.293053 0 244
0.282774 0.282774 0.293053 0 245
0.282774 0.282774 0.293053 0 246
0.282774 0.282774 0.293053 0 247
0.282774 0.282774 0.293053 0 248
0.282774 0.282774 0.293053 0 249
0.282774 0.282774 0.293053 0 250
0.282774 0.282774 